100
5
1 2 3 4 5
3
3 5 6
2
5 6
2
5 5
15
492054 102406 198683 422405 198637 284503 676563 115277 122901 524472 28626 478624 936575 639297 451019
15
861102 749804 105453 68381 284488 27790 959217 496303 857386 126715 329982 213616 524618 622975 767307
3
149747 17507 134288
14
808324 123987 367509 751248 823083 368353 778501 668064 432632 272108 451051 103706 339302 752446
3
445204 324473 431424
6
746583 946485 73721 415280 471335 355724
13
639494 661184 185492 570061 968660 518091 999262 610067 967989 776598 638265 987259 348972
15
647962 229703 340655 507228 806618 934874 674392 694560 751262 779456 798486 346575 308975 963149 639987
7
559434 514566 74391 352632 32893 671549 110563
9
268818 743846 433675 101548 784341 99648 765461 676467 677303
12
9026 6966 4216 5484 3476 4297 4156 8815 9601 1867 9259 5263
13
3229 9750 5174 7180 8380 1651 5015 4333 7899 755 7694 7962 6712
8
7150 8359 3732 2172 9314 2078 941 4720
8
6220 5682 126 9493 7658 4069 8984 6658
10
3562 811 7920 564 6514 8708 5037 993 6191 8464
13
2491 3932 7043 4984 8916 3441 8459 6209 7152 6633 801 7126 541
12
456 7996 7780 4126 959 6546 7669 2749 8069 4573 7007 9227
4
6028 7530 4467 7061
5
9414 6048 6250 9257 3877
6
1987 4187 210 4665 6200 7499
12
6796 6623 7006 6480 225 7282 3736 3398 221 4981 1335 2191
3
8678 4708 13186
4
4663 2347 9666 16094
3
142 9039 9153
6
7618 4586 6029 7628 3529 2976
12
1309 3308 2702 4019 4606 3595 1171 6342 6452 288 8612 14044
8
4951 7208 8313 250 982 2524 7812 15218
6
853 918 7977 6924 8530 9652
8
3788 1100 1802 4464 55 4922 1321 2782
11
9107 6864 3616 9463 1646 9324 7076 4994 9530 7386 4321
15
8173 9605 8561 6199 4288 3905 5730 9233 3959 8371 758 1006 9644 2636 12256
9
7908 2491 8706 1784 5663 3849 1636 2849 10230
10
452 200 6460 4839 5589 1614 1549 4330 9061 11470
11
5048 8079 9350 9105 2605 661 5942 3422 9290 1671 15165
6
597 7983 9880 8256 7323 1849
4
132 6200 2924 378
2
7106 6092
3
3176 4123 9487
11
890 625 9983 3206 1022 5037 5289 8820 2430 5709 4815
9
9172 7385 845 1347 3917 1400 8798 5320 1440
14
2522 9295 9048 9531 6595 733 7023 8079 6483 7790 8414 1451 6440 1876
14
8724 3127 8909 2287 3882 251 6400 8550 3634 4882 9682 3622 1612 133
9
732 6741 1747 6849 5989 4972 2504 8514 10264
12
9710 9110 9042 3964 4974 928 9433 4624 8390 4418 3298 9945
9
8563 8587 3701 6452 1914 9919 8622 7658 2616
6
2686 2799 3802 6097 8301 14839
10
4881 5808 3582 9400 214 5943 9493 588 9943 14984
2
6102 4830
5
9118 8168 4096 7490 12596
4
3626 1374 8291 11031
9
9175 5073 1241 9800 927 1106 3131 3861 5748
11
3784 9071 4325 2294 6108 417 7170 4775 6428 4669 6111
6
9461 9953 7830 3292 6200 9776
6
8837 3192 9612 1175 8582 3148
14
6659 4114 3925 7192 4229 7052 7569 11 3072 1109 3546 369 5762 7603
8
591 9068 7992 4256 1991 2967 7506 16313
11
2257 4861 5016 7071 412 8960 1627 6612 3001 1266 9339
12
4498 5118 5053 4329 243 8423 6123 5509 5073 1850 1906 6381
14
255 8599 9827 3186 391 975 4937 2381 4447 5496 6626 5128 1016 6400
8
183 1268 239 5154 7254 647 4181 7690
13
3877 4719 3672 2328 9769 7874 4065 5131 8321 7027 5626 5967 76
10
4521 9149 8317 5314 55 5457 6775 1221 9131 11988
11
1777 9454 1911 3421 7213 272 2538 9743 5162 2199 1616
10
9238 8377 2540 1714 4747 9338 7814 163 8029 15480
6
550 6477 8887 1597 1638 14727
14
9421 4731 3913 7194 2937 4650 6974 8060 7420 1502 5276 4106 9050 1562
11
5297 525 8782 5081 8218 211 9245 5473 5175 7559 16174
3
7737 222 7911
7
7446 4870 9028 7036 8673 218 5046
13
36 9069 4256 4754 7617 5685 6104 2436 1235 7440 2816 6572 16316
5
6194 5203 7304 3361 7624
8
136 5906 9863 5383 2954 3188 9020 216
5
8909 6964 8146 471 10236
14
8972 8218 3236 1277 9515 6214 9605 5212 2662 568 4434 2000 3734 7860
15
5350 6789 3785 1950 891 8562 5217 1304 4667 5788 7405 6818 7404 2176 8896
5
482 8898 7563 4626 11449
4
5165 8303 3046 16292
6
6278 8996 7255 4802 1730 13301
12
9237 901 7835 6330 1154 9634 5207 655 5180 5752 3454 6515
7
9487 8842 8873 976 7350 9938 7320
3
8995 6620 5518
9
9952 2216 798 7854 4618 1554 4336 7468 10812
12
7743 7421 8686 7454 3705 7662 1669 1909 94 4436 6116 10939
3
6028 5656 404
10
2876 4397 6595 7078 8461 7188 7190 8003 9777 9
15
9802 7338 2289 5172 5294 329 9306 5208 4074 2739 3835 8875 1876 3012 9724
14
4694 3882 9250 9337 1369 5407 5713 1888 360 9518 2799 6800 6702 12871
15
1723 8522 4026 8257 3244 1039 9097 4854 777 7709 6442 8599 5675 6766 6202
11
1267 693 4708 1550 4904 6320 696 1119 8353 9942 6436
6
368 3714 2364 93 3158 2757
12
4734 4539 4604 6005 5302 494 1894 6728 6921 313 5859 495
14
2168 4393 1766 2849 4806 3691 4447 9693 4509 594 7104 8559 3491 6266
4
207 534 3956 3501
15
4096 5122 6584 5622 5781 6644 8445 5306 298 9468 8118 2310 6793 3846 5507
9
5469 6425 9225 1868 9031 273 3897 7859 7389
5
7416 2305 9946 5959 8976
