100
184 686
484 584
280 866
1 10
1 104
121 122
8 121
70 293
1 484
469 915
19 732
1 65
3 122
21 484
7 122
1 485
62 258
1 4
387 587
10 120
3 742
3 5
3 10
486 794
123 312
1 9
248 355
189 607
1 2
4 5
8 302
120 484
8 584
359 417
456 955
122 1000
18 745
181 452
323 564
483 485
3 6
28 829
120 121
200 683
121 121
1 1
1 5
100 1000
165 299
3 104
296 567
1 584
171 686
416 668
152 289
3 65
460 701
21 485
694 1000
21 742
642 890
8 221
9 221
549 560
3 484
3 109
7 65
65 221
121 484
470 942
1 742
7 109
4 4
122 483
65 742
1 6
333 889
9 584
500 882
4 10
8 742
384 485
8 10
191 360
79 968
384 584
120 302
303 485
96 657
121 302
4 9
1 101
858 861
379 749
8 122
554 672
1 1000
1 122
889 993
245 299
