100
2
0 1
0 2
3
2 2
0 0
4 4
1
1 1
5
0 5
0 1
1 1
4 7
5 6
5
1 2
7 7
0 5
4 6
3 7
10
169 771
1387 1486
1035 1623
748 1393
234 1014
383 779
656 939
42 683
1139 1221
263 278
10
0 7
0 9
0 8
0 2
0 2
0 3
0 9
0 1
0 19
0 3
9
7 8
4 12
0 5
1 11
0 13
1 14
5 6
10 12
14 17
4
30 96
1110 1610
1735 1799
334 390
10
160 306
33 37
570 840
168 1118
400 402
825 1806
1156 1169
114 445
210 245
62 251
1
0 1
3
0 5
0 1
0 3
1
0 2
9
142 390
470 486
233 857
547 966
406 520
941 1534
1561 1922
415 1168
191 232
6
1 8
0 5
2 4
3 11
9 10
6 7
10
0 19
1 16
3 14
4 6
8 11
2 15
5 12
13 18
10 17
7 9
1
0 2
6
0 0
0 0
0 0
0 0
0 0
0 0
6
0 11
0 1
0 5
0 2
0 3
0 5
1
1025 1078
7
2 6
6 7
2 7
11 12
0 3
4 10
0 11
9
5 11
0 10
3 13
5 9
1 12
1 6
14 17
5 14
0 14
8
13 14
7 8
2 2
1 4
2 12
4 12
2 10
0 14
7
9 12
0 5
1 6
6 9
1 4
6 11
4 9
9
1 4
3 5
16 16
2 5
0 4
13 14
8 9
2 4
12 14
9
14 14
2 4
10 17
12 12
1 8
6 14
0 7
4 11
1 9
9
76 1385
94 196
393 641
242 847
7 154
408 1564
213 221
302 466
1672 1682
9
801 1931
1565 1773
216 1064
980 1422
126 1898
530 561
464 1632
854 1084
595 1012
9
37 724
526 1091
68 248
225 979
99 1816
177 219
332 638
113 322
169 594
1
60 635
2
0 1
0 3
1
0 0
3
0 1
2 2
2 5
5
0 5
2 9
5 6
0 0
2 9
9
9 12
2 4
5 14
8 13
16 17
1 11
10 15
6 7
0 3
5
5 9
0 6
7 8
1 2
3 4
7
0 7
3 9
3 5
4 6
9 9
9 11
1 8
7
5 6
0 0
2 4
2 6
10 12
4 9
12 13
5
2 6
4 6
0 3
3 4
0 7
1
505 1695
5
2 3
0 3
5 9
3 9
0 5
1
0 1
9
11 12
7 7
0 6
13 15
8 11
0 2
0 4
0 11
16 16
6
3 10
0 3
2 5
1 11
5 6
5 9
1
0 1
9
14 17
11 12
0 6
4 8
3 4
7 12
1 8
0 16
10 11
8
0 14
8 13
6 7
12 13
2 6
10 11
2 9
0 1
7
0 3
0 1
0 2
0 13
0 6
0 7
0 5
2
0 3
0 1
4
2 2
4 5
3 5
0 4
10
9 17
0 1
1 5
9 13
3 18
10 12
2 2
10 14
1 16
8 17
10
776 777
274 353
282 507
1179 1817
1089 1179
705 1899
1342 1451
1932 1932
308 1797
9 1490
3
0 4
0 4
0 2
4
0 3
2 2
4 5
0 2
9
0 6
2 3
4 10
4 9
4 15
12 15
2 16
9 16
0 12
6
0 3
2 2
7 9
1 8
6 11
5 11
7
7 10
4 10
7 7
4 6
1 1
0 5
10 10
10
1 5
3 4
2 17
18 19
13 16
0 11
8 12
9 14
6 10
7 15
4
4 4
0 2
4 4
2 2
9
12 14
1 9
4 7
7 12
4 10
0 17
3 8
1 4
14 16
8
1 10
0 9
3 7
2 8
5 6
11 15
13 14
4 12
1
0 0
9
1 10
10 14
5 7
9 10
0 17
0 16
1 7
1 7
0 16
10
9 15
5 19
4 6
1 7
13 17
7 10
7 16
3 5
13 17
0 0
7
5 10
8 12
1 3
6 10
9 12
0 6
0 4
2
2 4
0 1
1
0 2
5
4 7
2 5
0 3
7 8
1 2
10
373 1994
1398 1559
273 633
74 150
216 537
109 117
56 572
1295 1306
761 1911
364 1634
9
288 891
228 1532
518 1181
74 380
149 168
81 1315
1435 1689
263 1133
346 1222
10
4 11
2 6
1 6
6 15
0 0
5 17
18 19
12 12
10 14
6 14
9
4 8
1 3
12 14
1 4
7 9
0 9
3 14
14 17
11 12
6
4 4
5 9
0 6
5 9
1 9
2 5
4
1 3
4 7
2 5
0 6
1
0 1
3
0 1
1 3
3 5
8
2 13
4 9
1 2
11 15
2 8
8 11
3 7
1 14
10
0 1
0 10
0 7
0 3
0 8
0 9
0 19
0 2
0 6
0 7
9
6 8
0 4
14 14
8 14
8 11
3 4
0 2
4 15
8 15
2
0 1
0 0
9
816 1360
987 1992
1703 1711
426 879
194 519
278 524
115 184
104 108
623 1690
1
0 2
9
11 15
0 4
5 7
1 10
2 3
6 8
14 16
9 12
13 17
1
0 2
1
0 1
1
0 2
3
278 1051
662 711
1624 1971
10
0 14
5 14
3 11
7 11
13 14
2 11
8 19
1 6
8 14
3 13
2
0 2
1 2
3
501 1087
1144 1233
559 1172
5
0 1
0 9
0 5
0 5
0 5
7
5 10
7 13
1 8
4 12
9 11
3 6
0 2
7
19 39
45 83
605 614
272 277
665 672
115 255
1115 1473
5
0 8
8 9
1 6
0 1
2 2
7
6 12
2 9
5 11
0 13
1 8
4 7
3 10
4
0 1
0 4
0 7
0 2
10
2001 2001
2001 2001
2001 2001
2001 2001
2001 2001
2001 2001
2001 2001
2001 2001
2001 2001
2001 2001
5
0 2
0 1
0 4
0 2
0 9
7
7 12
0 8
3 12
3 11
1 2
8 10
4 5
5
0 1
0 9
0 5
0 4
0 5
