100
2
0 1
0 2
3
2 2
0 0
4 4
1
1 1
5
0 5
0 1
1 1
4 7
5 6
7
359 502
22 296
906 1106
324 897
695 1247
94 1014
213 1862
10
5 8
15 15
12 18
0 1
4 9
2 6
10 10
3 10
15 15
7 17
2
0 1
0 3
9
0 5
1 12
4 13
1 14
4 7
8 12
1 8
12 14
8 15
10
11 12
0 4
0 6
9 13
13 13
1 11
9 13
4 6
16 16
4 6
9
2 8
11 17
7 12
0 14
15 16
10 13
1 4
3 9
5 6
10
8 12
13 19
12 13
2 4
2 4
0 4
5 11
8 9
17 18
1 17
6
9 10
1 3
6 8
0 2
7 11
4 5
8
3 5
0 1
13 14
7 11
3 5
9 10
10 13
2 8
10
0 5
18 19
3 12
8 17
4 14
7 11
1 15
2 13
6 9
10 16
2
0 3
0 1
3
2 3
0 2
2 5
10
2001 2001
2001 2001
2001 2001
2001 2001
2001 2001
2001 2001
2001 2001
2001 2001
2001 2001
2001 2001
3
3 3
0 3
1 2
6
5 9
1 3
0 3
6 6
7 9
1 7
10
9 16
4 6
0 12
0 2
0 7
12 18
16 18
6 11
6 13
0 8
8
0 1
0 7
0 5
0 6
0 15
0 7
0 5
0 5
9
1 6
9 13
5 6
0 3
3 11
11 12
15 16
2 13
8 10
8
0 0
0 0
0 0
0 0
0 0
0 0
0 0
0 0
7
12 13
1 7
4 8
9 11
0 10
2 3
5 6
3
2 4
0 5
1 3
4
1 5
1 1
2 5
0 5
3
0 5
0 1
0 2
2
2 3
0 1
2
0 3
2 2
7
0 1
6 8
1 2
2 2
8 12
3 8
8 8
6
6 7
0 1
1 11
3 11
5 7
3 7
9
5 8
12 16
12 13
14 14
1 2
5 6
4 16
0 1
5 6
5
2 9
0 2
3 8
0 2
5 7
3
0 2
2 2
3 4
10
6 15
11 14
4 9
7 12
13 17
16 18
5 8
0 10
2 19
1 3
2
0 0
2 3
3
0 2
0 4
0 5
5
1 8
0 3
0 8
1 1
0 8
9
2 10
8 12
0 7
12 13
12 13
5 10
2 13
0 0
0 0
1
0 2
6
73 107
39 62
749 1022
82 1362
1519 1971
858 1056
10
0 7
0 7
0 9
0 19
0 5
0 3
0 4
0 5
0 6
0 1
4
1 6
0 6
3 6
1 2
4
4 6
0 4
1 4
1 3
10
0 9
0 10
0 1
0 10
0 4
0 5
0 7
0 8
0 19
0 9
6
5 8
1 3
3 9
2 2
0 9
2 3
6
8 10
3 5
5 6
6 9
0 9
0 2
3
1 5
0 2
1 4
10
15 19
0 12
2 13
17 18
5 8
1 8
4 6
3 12
5 12
9 9
10
2 4
11 14
14 18
4 18
10 14
6 12
0 9
11 14
1 8
1 4
8
2 15
0 8
1 4
5 9
5 13
3 12
8 12
5 9
7
3 12
0 1
3 10
3 3
8 12
5 11
0 7
2
0 1
2 3
3
1 2
0 2
1 4
8
882 1166
5 5
583 833
508 667
16 281
763 1983
104 1575
1119 1655
10
15 19
8 12
6 17
9 10
7 13
1 4
0 3
5 16
2 18
11 14
1
0 1
8
13 14
7 7
0 11
0 11
0 11
9 10
0 7
3 5
8
52 1157
1748 1990
1589 1773
921 1244
1200 1565
614 716
446 1264
4 18
9
6 12
0 12
2 15
12 16
0 16
6 11
3 7
8 11
4 5
7
40 1041
406 749
329 1035
8 8
112 731
157 648
473 584
10
35 852
494 1398
33 244
1058 1987
258 1755
1445 1454
368 1589
288 320
165 1113
362 1544
1
0 1
8
0 1
0 3
0 3
0 8
0 5
0 15
0 5
0 4
9
0 13
7 12
14 15
0 1
5 11
15 16
1 6
2 8
6 10
6
3 7
9 10
0 3
1 2
8 12
4 5
2
1 3
0 2
7
0 3
9 10
2 8
8 9
1 5
5 6
4 9
4
102 171
272 312
1243 1263
765 1679
7
0 2
0 1
0 5
0 5
0 5
0 13
0 2
4
0 1
0 7
0 4
0 4
6
2 6
1 3
4 6
4 6
1 8
6 8
6
258 260
1 2
722 1579
980 1458
28 90
1 328
3
1 4
3 5
0 2
8
10 15
13 13
0 3
8 8
3 9
0 3
2 6
10 10
7
6 11
0 5
1 2
11 13
2 8
6 9
3 4
4
0 1
0 3
0 4
0 7
10
10 12
4 12
0 7
7 15
0 6
12 17
0 2
15 17
8 9
3 15
9
1 16
8 13
14 15
4 6
0 9
5 10
2 11
12 17
3 7
4
0 7
0 1
0 2
0 4
8
8 12
5 13
7 11
3 6
4 7
0 3
14 15
1 7
3
0 3
0 3
0 3
9
3 11
6 16
6 6
0 11
9 15
0 3
11 17
6 10
0 4
6
1 6
2 4
0 6
4 4
4 6
8 10
3
1 3
3 4
0 3
9
9 17
2 10
9 13
4 6
2 8
14 16
0 12
1 3
8 12
1
0 2
4
11 18
646 706
263 483
1379 1380
4
0 5
1 2
6 6
4 4
2
0 2
2 2
6
193 323
854 1280
367 999
827 1938
716 1485
204 267
7
7 7
10 12
0 7
9 13
2 10
0 2
3 4
7
1 6
5 8
7 13
10 11
9 12
3 4
0 2
5
0 3
0 1
0 3
0 9
0 2
5
4 6
0 8
1 3
2 5
7 9
2
2 2
0 0
4
1 6
0 5
2 5
2 3
3
0 4
0 4
0 5
5
0 4
4 7
3 3
4 5
0 2
9
6 10
0 4
13 16
15 16
0 7
1 6
4 6
10 11
0 10
