30
3
3 4
4 10
6 10
9
3
3 4
4 10
7 10
9
2
6 6
10 3
13
2
6 6
10 3
14
99
748729 1000000
811621 561786
959516 871527
969590 587420
1022680 601672
1064678 839817
1196000 836445
1249821 790207
1373872 817340
1448341 821283
2147937 699593
2147939 699592
2147941 699591
2147943 699590
2147945 699589
2147947 699588
2147949 699587
2147951 699586
2147953 699585
2847535 699588
3547123 699588
3670756 718038
3677331 684401
3880771 985245
3947926 877867
3989783 567841
4087243 605918
4130070 965225
4180295 868999
4209411 518895
4813451 633153
4813453 633152
4813455 633151
4813457 633150
4813459 633149
4813461 633148
4813463 633147
4813465 633146
4813467 633145
5446604 633153
6079757 633153
6081493 693638
6087933 535900
6112643 593257
6320960 795620
6357689 626411
6463960 790550
6580122 761287
6586143 703731
6706430 541274
6712894 633134
6712896 633133
6712898 633132
6712900 633131
6712902 633130
6712904 633129
6712906 633128
6712908 633127
6712910 633126
7346033 633129
7979162 633129
8101660 888442
8223006 625052
8231792 736592
8300581 906661
8315921 539918
8405861 519943
8523755 572260
8559423 820655
8597735 926098
8612275 633110
8612277 633109
8612279 633108
8612281 633107
8612283 633106
8612285 633105
8612287 633104
8612289 633103
8612291 633102
9245393 633102
9878495 633102
9956433 682985
9989452 565261
10154130 622333
10170033 531585
10232095 560389
10232810 883763
10241477 583967
10434513 898299
10499109 588097
10511581 633083
10511583 633082
10511585 633081
10511587 633080
10511589 633079
10511591 633078
10511593 633077
10511595 633076
10511597 633075
11144672
5
100 100
105 5
110 5
112 2
114 2
120
95
459178 1000000
611202 596112
691381 673798
693271 824450
701745 845134
751494 716424
797993 960965
800936 608858
918344 459163
918346 459162
918348 459161
918350 459160
918352 459159
918354 459158
918356 459157
1377508 459162
1836670 459162
1840849 753396
1944212 768070
1947474 817609
2022196 520307
2075012 660298
2222115 796758
2275141 525763
2295820 459147
2295822 459146
2295824 459145
2295826 459144
2295828 459143
2295830 459142
2295832 459141
2754968 459146
3214114 459146
3225959 924849
3258177 815504
3321373 737527
3440986 690627
3482611 606207
3501865 884871
3657236 557435
3673248 459131
3673250 459130
3673252 459129
3673254 459128
3673256 459127
3673258 459126
3673260 459125
4132382 459128
4591510 459128
4623902 669406
4754239 610222
4776304 620530
4891618 821261
4934404 809927
4934685 627855
4983309 730561
5375096 391784
5375098 391783
5375100 391782
5375102 391781
5375104 391780
5375106 391779
5375108 391778
5766885 391779
6158664 391779
6191066 535978
6214242 975501
6240975 924536
6358722 907157
6442770 622270
6449517 638683
6497859 935240
6550431 391764
6550433 391763
6550435 391762
6550437 391761
6550439 391760
6550441 391759
6550443 391758
6942195 391764
7333959 391764
7399870 524712
7417297 806392
7557471 697444
7571562 968811
7635937 852299
7697801 888871
7722162 684363
7725711 391749
7725713 391748
7725715 391747
7725717 391746
7725719 391745
7725721 391744
7725723 391743
8117466
99
118912 1000000
119822 990148
124490 950410
129643 754562
133626 610587
134569 867603
135993 507438
136163 947478
136785 867732
137711 765231
138513 623107
140778 952456
144401 960945
148010 966684
148662 966406
149575 973650
150467 991963
151500 607701
151651 952037
155647 934270
157685 545482
161421 744286
161793 644162
162881 987660
162884 639674
162886 932147
163293 898812
166127 750551
170183 735269
172164 680556
176428 718963
191755 595390
196054 811443
198477 983453
200167 558431
203844 827215
206758 948346
208747 819565
209778 912890
214600 929558
215246 959171
218328 526113
218953 871012
221949 616084
222947 746617
227923 636657
227937 827533
230678 514608
234164 563628
236122 698831
237728 118813
237730 118812
237732 118811
237734 118810
237736 118809
237738 118808
237740 118807
237742 118806
237744 118805
237746 118804
237748 118803
237750 118802
237752 118801
237754 118800
237756 118799
237758 118798
237760 118797
237762 118796
237764 118795
237766 118794
237768 118793
237770 118792
237772 118791
237774 118790
237776 118789
237778 118788
237780 118787
237782 118786
237784 118785
237786 118784
237788 118783
237790 118782
237792 118781
237794 118780
237796 118779
237798 118778
237800 118777
237802 118776
237804 118775
237806 118774
237808 118773
237810 118772
237812 118771
237814 118770
237816 118769
237818 118768
237820 118767
237822 118766
237824 118765
356589
1
10 25
25
23
10 68
11 75
12 31
13 79
14 34
15 10
16 29
17 85
18 75
19 80
20 12
30 10
40 10
41 97
42 18
43 81
44 27
45 23
46 44
47 100
48 13
49 15
50 96
60
7
10 10
15 5
20 9
25 5
30 10
35 5
40 10
45
3
5 5
7 5
9 5
21
7
10 10
15 5
20 9
25 5
30 10
35 5
40 10
49
1
200000000 300000000
400000000
2
10 1000
100 10
110
4
5 5
8 3
9 4
11 3
14
99
291420 1000000
582746 291323
582748 291322
582750 291321
582752 291320
582754 291319
582756 291318
582758 291317
582760 291316
582762 291315
582764 291314
582766 291313
582768 291312
582770 291311
582772 291310
582774 291309
582776 291308
582778 291307
582780 291306
582782 291305
582784 291304
582786 291303
582788 291302
582790 291301
582792 291300
582794 291299
582796 291298
582798 291297
582800 291296
582802 291295
582804 291294
582806 291293
582808 291292
582810 291291
582812 291290
582814 291289
582816 291288
582818 291287
582820 291286
582822 291285
582824 291284
582826 291283
582828 291282
582830 291281
582832 291280
582834 291279
582836 291278
582838 291277
582840 291276
874100 291291
1165392 291292
1456590 291195
1456592 291194
1456594 291193
1456596 291192
1456598 291191
1456600 291190
1456602 291189
1456604 291188
1456606 291187
1456608 291186
1456610 291185
1456612 291184
1456614 291183
1456616 291182
1456618 291181
1456620 291180
1456622 291179
1456624 291178
1456626 291177
1456628 291176
1456630 291175
1456632 291174
1456634 291173
1456636 291172
1456638 291171
1456640 291170
1456642 291169
1456644 291168
1456646 291167
1456648 291166
1456650 291165
1456652 291164
1456654 291163
1456656 291162
1456658 291161
1456660 291160
1456662 291159
1456664 291158
1456666 291157
1456668 291156
1456670 291155
1456672 291154
1456674 291153
1456676 291152
1456678 291151
1456680 291150
1456682 291149
1456684 291148
1747832
2
10 10
11 10
20
99
750577 1000000
1501120 750540
1501122 750539
1501124 750538
1501126 750537
1501128 750536
1501130 750535
1501132 750534
1501134 750533
1501136 750532
1501138 750531
1501140 750530
1501142 750529
1501144 750528
1501146 750527
1501148 750526
1501150 750525
1501152 750524
1501154 750523
2251673 750527
3002200 750527
3752693 750490
3752695 750489
3752697 750488
3752699 750487
3752701 750486
3752703 750485
3752705 750484
3752707 750483
3752709 750482
3752711 750481
3752713 750480
3752715 750479
3752717 750478
3752719 750477
3752721 750476
3752723 750475
3752725 750474
3752727 750473
4503200 750473
5253673 750473
6004112 750436
6004114 750435
6004116 750434
6004118 750433
6004120 750432
6004122 750431
6004124 750430
6004126 750429
6004128 750428
6004130 750427
6004132 750426
6004134 750425
6004136 750424
6004138 750423
6004140 750422
6004142 750421
6004144 750420
6004146 750419
6754559 750424
7504984 750425
8255375 750388
8255377 750387
8255379 750386
8255381 750385
8255383 750384
8255385 750383
8255387 750382
8255389 750381
8255391 750380
8255393 750379
8255395 750378
8255397 750377
8255399 750376
8255401 750375
8255403 750374
8255405 750373
8255407 750372
8255409 750371
9005764 750387
9756151 750387
10506504 750350
10506506 750349
10506508 750348
10506510 750347
10506512 750346
10506514 750345
10506516 750344
10506518 750343
10506520 750342
10506522 750341
10506524 750340
10506526 750339
10506528 750338
10506530 750337
10506532 750336
10506534 750335
10506536 750334
10506538 750333
11256871
95
817584 1000000
838299 654161
854068 968264
854810 907869
856205 796712
906379 604097
1043717 901001
1120440 623324
1155752 990643
1214174 760668
1256021 506125
1295318 892837
1322362 912792
1347404 668353
1586409 890152
1613137 569133
2355206 768794
2355208 768793
2355210 768792
2355212 768791
2355214 768790
2355216 768789
2355218 768788
2355220 768787
2355222 768786
2355224 768785
2355226 768784
2355228 768783
2355230 768782
2355232 768781
2355234 768780
3124012 768782
3892794 768782
3907454 907593
3950521 892437
3956930 956559
4043402 963665
4091180 850114
4138888 556135
4154670 596267
4244647 858921
4360227 894859
4406014 604980
4407903 600880
4485529 772471
4547570 558732
4562525 589066
4647187 726538
5373697 726507
5373699 726506
5373701 726505
5373703 726504
5373705 726503
5373707 726502
5373709 726501
5373711 726500
5373713 726499
5373715 726498
5373717 726497
5373719 726496
5373721 726495
5373723 726494
5373725 726493
6100216 726494
6826711 726495
6849175 580334
6861378 503805
6868248 996220
6881212 578780
7034813 929264
7164563 927922
7287305 609615
7313930 838447
7316697 958084
7380504 550472
7387104 665126
7416806 929655
7458020 878399
7483456 502861
7518470 581573
8100015 581542
8100017 581541
8100019 581540
8100021 581539
8100023 581538
8100025 581537
8100027 581536
8100029 581535
8100031 581534
8100033 581533
8100035 581532
8100037 581531
8100039 581530
8100041 581529
8100043 581528
8681571
99
10 92
12 42
13 96
15 66
16 92
17 90
18 95
19 88
20 54
30 10
40 10
42 43
43 90
44 18
45 50
46 88
48 82
49 34
50 23
60 10
70 10
72 87
74 51
75 94
76 99
77 94
78 94
79 71
80 86
90 10
100 10
102 22
103 91
104 27
105 18
106 67
107 28
108 87
110 97
120 10
130 10
131 49
134 23
135 72
136 40
137 34
138 10
139 17
140 78
150 10
160 10
162 35
163 89
165 70
166 74
167 30
168 20
169 64
170 69
180 9
190 10
191 20
192 52
193 83
194 81
196 40
197 90
198 88
199 55
200 10
210 10
211 14
212 91
214 99
215 67
216 23
217 15
219 47
220 30
230 10
240 10
241 15
242 39
243 21
245 79
246 50
247 20
249 17
250 91
260 10
270 10
271 27
273 54
274 53
275 76
277 76
278 44
279 79
280 26
290
99
930110 1000000
934141 627702
968112 948910
1012736 887609
1028227 893665
1076029 993465
1116769 693358
1159733 681172
1173098 815952
1242893 587464
1251318 770546
1262864 773121
1263940 806309
1357137 589916
1366970 899738
1382008 820639
1452932 886155
1459729 890947
1466302 506303
1510535 992762
1525975 979632
1658615 561225
1687371 597250
1690534 782549
1693446 527858
2450912 760375
2450914 760374
2450916 760373
2450918 760372
2450920 760371
2450922 760370
2450924 760369
2450926 760368
2450928 760367
2450930 760366
2450932 760365
2450934 760364
2450936 760363
2450938 760362
2450940 760361
2450942 760360
2450944 760359
2450946 760358
2450948 760357
2450950 760356
2450952 760355
2450954 760354
2450956 760353
2450958 760352
3211302 760360
3971662 760360
3988153 699927
4017388 736410
4119196 764415
4233248 863778
4239891 558478
4257929 848515
4267085 658412
4270085 751841
4380833 913944
4385167 685465
4434540 833150
4438436 578005
4440111 991663
4454028 835319
4497571 693101
4511823 637373
4530323 743487
4552873 634213
4594315 547290
4601225 780373
4634263 564776
4650172 798147
4654444 999077
4666984 531768
5337180 682733
5337182 682732
5337184 682731
5337186 682730
5337188 682729
5337190 682728
5337192 682727
5337194 682726
5337196 682725
5337198 682724
5337200 682723
5337202 682722
5337204 682721
5337206 682720
5337208 682719
5337210 682718
5337212 682717
5337214 682716
5337216 682715
5337218 682714
5337220 682713
5337222 682712
5337224 682711
5337226 682710
6019936
2
10 10
11 10
21
99
325330 1000000
650656 325323
650658 325322
650660 325321
975981 325321
1301302 325321
1626619 325314
1626621 325313
1626623 325312
1951935 325312
2277247 325312
2602555 325305
2602557 325304
2602559 325303
2927862 325303
3253165 325303
3578464 325296
3578466 325295
3578468 325294
3903760 325296
4229056 325296
4554348 325289
4554350 325288
4554352 325287
4879639 325287
5204926 325287
5530209 325280
5530211 325279
5530213 325278
5855490 325279
6180769 325279
6506044 325272
6506046 325271
6506048 325270
6831316 325272
7156588 325272
7481856 325265
7481858 325264
7481860 325263
7807121 325265
8132386 325265
8457647 325258
8457649 325257
8457651 325256
8782906 325257
9108163 325257
9433416 325250
9433418 325249
9433420 325248
9758668 325248
10083916 325248
10409160 325241
10409162 325240
10409164 325239
10734401 325240
11059642 325241
11384879 325234
11384881 325233
11384883 325232
11710115 325232
12035347 325232
12360575 325225
12360577 325224
12360579 325223
12685802 325223
13011025 325223
13336244 325216
13336246 325215
13336248 325214
13661460 325216
13986676 325216
14311888 325209
14311890 325208
14311892 325207
14637099 325207
14962306 325207
15287509 325200
15287511 325199
15287513 325198
15612709 325200
15937909 325200
16263105 325193
16263107 325192
16263109 325191
16588300 325191
16913491 325191
17238678 325184
17238680 325183
17238682 325182
17563864 325182
17889046 325182
18214224 325175
18214226 325174
18214228 325173
18539399 325175
18864574 325175
19189745 325168
19189747 325167
19189749 325166
19514915
99
900677 1000000
1801260 900580
1801262 900579
1801264 900578
1801266 900577
1801268 900576
1801270 900575
1801272 900574
1801274 900573
1801276 900572
1801278 900571
1801280 900570
1801282 900569
1801284 900568
1801286 900567
1801288 900566
1801290 900565
1801292 900564
1801294 900563
1801296 900562
1801298 900561
1801300 900560
1801302 900559
1801304 900558
1801306 900557
1801308 900556
1801310 900555
1801312 900554
1801314 900553
1801316 900552
1801318 900551
1801320 900550
1801322 900549
1801324 900548
1801326 900547
1801328 900546
1801330 900545
1801332 900544
1801334 900543
1801336 900542
1801338 900541
1801340 900540
1801342 900539
1801344 900538
1801346 900537
1801348 900536
1801350 900535
1801352 900534
1801354 900533
2701855 900565
3602420 900565
4502891 900468
4502893 900467
4502895 900466
4502897 900465
4502899 900464
4502901 900463
4502903 900462
4502905 900461
4502907 900460
4502909 900459
4502911 900458
4502913 900457
4502915 900456
4502917 900455
4502919 900454
4502921 900453
4502923 900452
4502925 900451
4502927 900450
4502929 900449
4502931 900448
4502933 900447
4502935 900446
4502937 900445
4502939 900444
4502941 900443
4502943 900442
4502945 900441
4502947 900440
4502949 900439
4502951 900438
4502953 900437
4502955 900436
4502957 900435
4502959 900434
4502961 900433
4502963 900432
4502965 900431
4502967 900430
4502969 900429
4502971 900428
4502973 900427
4502975 900426
4502977 900425
4502979 900424
4502981 900423
4502983 900422
4502985 900421
5403406
99
53601 1000000
107188 53584
107190 53583
107192 53582
107194 53581
107196 53580
107198 53579
107200 53578
107202 53577
160776 53580
214356 53580
267922 53563
267924 53562
267926 53561
267928 53560
267930 53559
267932 53558
267934 53557
267936 53556
321488 53560
375048 53560
428594 53543
428596 53542
428598 53541
428600 53540
428602 53539
428604 53538
428606 53537
428608 53536
482141 53539
535680 53539
589205 53522
589207 53521
589209 53520
589211 53519
589213 53518
589215 53517
589217 53516
589219 53515
642734 53515
696249 53515
749750 53498
749752 53497
749754 53496
749756 53495
749758 53494
749760 53493
749762 53492
749764 53491
803251 53495
856746 53495
910227 53478
910229 53477
910231 53476
910233 53475
910235 53474
910237 53473
910239 53472
910241 53471
963711 53472
1017183 53472
1070641 53455
1070643 53454
1070645 53453
1070647 53452
1070649 53451
1070651 53450
1070653 53449
1070655 53448
1124100 53451
1177551 53451
1230988 53434
1230990 53433
1230992 53432
1230994 53431
1230996 53430
1230998 53429
1231000 53428
1231002 53427
1284423 53433
1337856 53433
1391275 53416
1391277 53415
1391279 53414
1391281 53413
1391283 53412
1391285 53411
1391287 53410
1391289 53409
1444696 53411
1498107 53411
1551504 53394
1551506 53393
1551508 53392
1551510 53391
1551512 53390
1551514 53389
1551516 53388
1551518 53387
1604905
99
418471 1000000
836938 418464
836940 418463
836942 418462
1255404 418462
1673866 418462
2092324 418455
2092326 418454
2092328 418453
2510779 418455
2929234 418455
3347685 418448
3347687 418447
3347689 418446
3766135 418446
4184581 418446
4603023 418439
4603025 418438
4603027 418437
5021463 418438
5439901 418438
5858335 418431
5858337 418430
5858339 418429
6276766 418431
6695197 418431
7113624 418424
7113626 418423
7113628 418422
7532049 418423
7950472 418423
8368891 418416
8368893 418415
8368895 418414
8787307 418416
9205723 418416
9624135 418409
9624137 418408
9624139 418407
10042544 418409
10460953 418409
10879358 418402
10879360 418401
10879362 418400
11297761 418401
11716162 418401
12134559 418394
12134561 418393
12134563 418392
12552953 418394
12971347 418394
13389737 418387
13389739 418386
13389741 418385
13808124 418387
14226511 418387
14644894 418380
14644896 418379
14644898 418378
15063274 418380
15481654 418380
15900030 418373
15900032 418372
15900034 418371
16318405 418371
16736776 418371
17155143 418364
17155145 418363
17155147 418362
17573509 418362
17991871 418362
18410229 418355
18410231 418354
18410233 418353
18828584 418355
19246939 418355
19665290 418348
19665292 418347
19665294 418346
20083640 418346
20501986 418346
20920328 418339
20920330 418338
20920332 418337
21338668 418338
21757006 418338
22175340 418331
22175342 418330
22175344 418329
22593671 418331
23012002 418331
23430329 418324
23430331 418323
23430333 418322
23848655 418322
24266977 418322
24685295 418315
24685297 418314
24685299 418313
25103612
99
935945 1000000
1018464 904903
1339677 761998
1797497 738603
1840773 919259
1871884 935936
1871886 935935
1871888 935934
1871890 935933
2807823 935933
3743756 935933
3860553 863327
4344643 930283
4496862 718089
4614420 639430
5214945 718080
5214947 718079
5214949 718078
5214951 718077
5933028 718077
6651105 718077
6788675 762401
6875786 972469
7048430 723145
7222963 575486
7794815 571849
7794817 571848
7794819 571847
7794821 571846
8366664 571849
8938513 571849
8969482 504509
8992012 697248
9187682 594163
9372377 592972
9806235 433855
9806237 433854
9806239 433853
9806241 433852
10240092 433853
10673945 433853
10696936 633249
10975234 896587
11068563 933887
11082105 985345
11107792 433844
11107794 433843
11107796 433842
11107798 433841
11541638 433842
11975480 433842
12061595 945330
12193812 919975
12201509 776983
12298640 748341
12409316 433833
12409318 433832
12409320 433831
12409322 433830
12843149 433833
13276982 433833
13422991 656069
13445445 760290
13454869 808509
13664737 589746
14052486 387746
14052488 387745
14052490 387744
14052492 387743
14440234 387744
14827978 387744
14847231 556850
14921849 996888
15054334 930951
15208096 893369
15588208 380109
15588210 380108
15588212 380107
15588214 380106
15968319 380107
16348426 380107
16376607 818923
16483441 700380
16581672 609614
16657126 567624
16965820 308691
16965822 308690
16965824 308689
16965826 308688
17274513 308689
17583202 308689
17708735 634990
17712903 721749
17726532 775049
17783612 776797
17984016 200401
17984018 200400
17984020 200399
17984022 200398
18184420
99
977658 1000000
1955302 977641
1955304 977640
1955306 977639
1955308 977638
1955310 977637
1955312 977636
1955314 977635
1955316 977634
2932948 977636
3910584 977636
4888206 977619
4888208 977618
4888210 977617
4888212 977616
4888214 977615
4888216 977614
4888218 977613
4888220 977612
5865832 977612
6843444 977612
7821042 977595
7821044 977594
7821046 977593
7821048 977592
7821050 977591
7821052 977590
7821054 977589
7821056 977588
8798643 977589
9776232 977589
10753807 977572
10753809 977571
10753811 977570
10753813 977569
10753815 977568
10753817 977567
10753819 977566
10753821 977565
11731383 977568
12708951 977568
13686505 977551
13686507 977550
13686509 977549
13686511 977548
13686513 977547
13686515 977546
13686517 977545
13686519 977544
14664056 977551
15641607 977551
16619144 977534
16619146 977533
16619148 977532
16619150 977531
16619152 977530
16619154 977529
16619156 977528
16619158 977527
17596679 977533
18574212 977533
19551731 977516
19551733 977515
19551735 977514
19551737 977513
19551739 977512
19551741 977511
19551743 977510
19551745 977509
20529250 977513
21506763 977513
22484262 977496
22484264 977495
22484266 977494
22484268 977493
22484270 977492
22484272 977491
22484274 977490
22484276 977489
23461759 977495
24439254 977495
25416735 977478
25416737 977477
25416739 977476
25416741 977475
25416743 977474
25416745 977473
25416747 977472
25416749 977471
26394213 977477
27371691 977478
28349155 977461
28349157 977460
28349159 977459
28349161 977458
28349163 977457
28349165 977456
28349167 977455
28349169 977454
29326623
99
10 54
11 65
12 39
13 69
14 55
15 74
16 74
19 77
20 42
30 10
40 10
41 11
43 58
44 34
45 66
46 24
47 85
48 36
50 80
60 10
70 10
71 35
72 22
73 16
74 72
76 39
77 43
78 18
80 48
90 10
100 10
102 27
104 67
105 86
106 22
107 95
108 96
109 69
110 84
120 10
130 10
131 34
132 62
133 83
134 68
137 24
138 29
139 45
140 24
150 10
160 10
161 76
162 69
163 53
164 11
166 48
168 76
169 16
170 20
180 10
190 10
191 89
193 74
195 15
196 78
197 96
198 54
199 79
200 44
210 10
220 10
221 70
222 86
223 58
224 83
225 13
227 97
228 54
229 34
238 9
247 9
248 19
249 53
250 34
252 82
253 61
254 93
255 97
256 99
265 9
274 9
275 38
276 58
278 23
279 49
280 60
281 56
282 58
283 27
292
