20
2 5
0.600000 0.600000
1 20
1.000000
3 4
1.000000 0.900000 0.100000
3 5
0.079460 0.907639 0.670387
1 4
0.999998
2 7
0.836025 0.191203
2 3
0.999999 0.999999
3 10
0.094701 0.806278 0.143012
3 42
0.999999 0.999999 1.000000
3 17
0.588032 0.178390 0.648588
3 100
0.789670 0.454300 0.608529
2 60
0.128453 0.166085
1 3
0.000004
3 4
0.999999 1.000000 0.422035
2 7
0.012607 0.983825
3 10
0.939088 0.815154 0.135092
2 4
0.000006 0.000002
3 10
0.843849 0.170707 0.803079
3 42
0.000004 0.000009 0.000001
2 5
0.878829 0.516362
